1042216623
3927779254
2514344115
1916020610
4248800676
1929669637
2387296406
2712766325
1050439660
1598033275
3472074977
1827891111
3119388824
3407644757
1859420372
3379981344
2632229030
1701998793
3327920363
3580948198
1995327801
2504171932
850618332
3439406294
3041849293
2046467444
107038472
2359865265
2580437428
1250343336
2341087907
1977219758
3176847250
569308872
1981700485
789488207
3997825960
615813069
603206607
2376633029
2800111300
290227792
1000781991
1637233810
3997295617
2771842590
3051781119
1476115688
1254144175
2180791341
671385502
2757703623
4200418086
519290438
1756126943
1906883253
726735526
2337007191
3509527338
1927153327
1494049302
757175332
2840375333
791682199
1593042602
106848634
2395525787
2366881800
2451383094
1258434333
273979493
2289515566
1396295482
719663356
1386829079
542753130
1936887215
3323902931
4182405620
1169653566
1527172739
3870058860
370391681
412403706
3859055832
426326267
929767059
1732559509
323318736
2077858621
1475800535
1972482469
4231836811
1209284425
4208505494
3915146350
931023339
1715541118
2442346838
1065464620