1042216623
3927779254
2514344115
1916020610
4248800676
1929669637
2387296406
2712766325
1050439660
1598033275
3472074977
1827891111
3119388824
3407644757
1859420372
3379981344
2632229030
1701998793
3327920363
3580948198
1995327801
2504171932
850618332
3439406294
3041849293
2046467444
107038472
2359865265
2580437428
1250343336
2341087907
1977219758
3176847250
569308872
1981700485
789488207
3997825960
615813069
603206607
2376633029
2800111300
290227792
1000781991
1637233810
3997295617
2771842590
3051781119
1476115688
1254144175
2180791341
671385502
2757703623
4200418086
519290438
1756126943
1906883253
726735526
2337007191
3509527338
1927153327
1494049302
757175332
2840375333
791682199
1593042602
106848634
2395525787
2366881800
2451383094
1258434333
273979493
2289515566
1396295482
719663356
1386829079
542753130
1936887215
3323902931
4182405620
1169653566
1527172739
3870058860
370391681
412403706
3859055832
426326267
929767059
1732559509
323318736
2077858621
1475800535
1972482469
4231836811
1209284425
4208505494
3915146350
931023339
1715541118
2442346838
1065464620

497957405
1949340842
4026679638
4162279674
3769439287
4204820362
3321647346
2913356589
450973795
1228065972
1887502317
573439315
3930837893
2071194982
3865314310
3880316977
2213378524
2280829739
2342702274
2213282474
3900426663
1824233633
942512935
4273098953
1528201976
2435430607
1590467748
2008218407
1030148819
1641123738
993505677
2305729486
3269675665
1718912698
3507960276
1845291461
816802579
2125498077
279890323
1510134008
637070463
2221596
1517838427
1266527020
3712479245
514318839
3880796549
3936443194
551449977
613422580
2946793754
4096848873
1090988096
3886822372
54310045
2478021014
2660396770
2655737006
1060200722
3761039716
1521648053
3488649520
2767710847
2556428175
1134787142
2552705327
1633544365
3051170535
4224582806
3560655983
2716017973
4071868077
3229558674
3223943323
1102431041
2374821517
414616021
1430730692
1380772379
3165410725
3801685576
728133720
3353254411
120012772
210022713
1739285938
1082315095
1276997159
2549779368
855888214
2993138380
3983739909
1736199677
2357639367
2357598328
4036183573
801956344
2043988470
3045838835
3741389742
998850355
3616502860
51490418
1122394079
3558008665
2132601735
1552582488
2831960163
2002389457
2205146999
1550767222
3395237950
3795602225
3984604819
111800394
1852746970
388695976
3483746797
217202937
45662551
2701041963
40236838
3790463216
3119453244
1544464931
2823335541
4099477840
1434500919
2444074955
3464823823
1723500972
1386361025
3854678312
3087805561
4026474096
988811042
61822967
4248449436
2493768885
3336128442
865052945
3118771598
3763177186
2036015404
1770236646
1149571177
3713246355
2371028711
3305623849
124014936
293092156
2078900864
4262480710
3774902838
3099076064
621904807
2521867761
2056793225
2130408171
2710298227
895924785
3976215131
3837899385
3996361130
2203247006
585198566
3405833857
4213973140
2066347896
4261994394
1807565336
4034260797
1495858833
3408463358
4101348957
2870947429
1007695952
2937736230
924436438
985559214
1384081300
3589818749
3927209268
769904218
832342577
1488900993
3162826608
828482780
3261325185
2849429762
1260475580
3686306260
290521618
632516589
1267039927
3074245908
2556843277
1347505919
3281628559
2369349711
1807950675
4182055113
446293199
413839721
2397873373
2635013775
1102256982
3397262979
1610469653
2944448029
736145247
2926324258
2475683204
3794056658
2139819912
1152440815
4187628543
2341056377
1066460760
4065212084
1223596817
4030799613
877309970
153633609
1814233069
2325111111
2648719229
1399285846
3079629270
1908025127
3054657673
3747747003
2215644209
924289235
4207952648
609055588
977083253
3778454926
203036364
2391309669
52365178
2116880588
741301549
1594800640
1745908147
1741628605
1919233401
64820816
286606053
1012538897
2843131238
2740086823
635387842
136268561
1645521784
2932083466
3985282594
853986149
3232493879
3568305641
2838825235
1301286510
3939658634
1200271196
2964485505
3340167797
3909026693
455226281
1934136718
1922363832
1015166004
603441087
2703265552
1145978828
2749963055
2719742210
3526989267
2381829038
4266168548
1890406914
387978501
2270421487
4229503670
2834322013
1512196445
2390450077
1885213215
3369225214
2542134174
3452476477
2163209619
1964776741
1247279958
580290708
4166556557
3043834098
161092327
887251089
2917500644
2201658716
3928259044
3800950623
2862025083
3865398760
1128094818
2979170347
2518837637
4109439095
2764302955
3275111866
1295570371
3325684326
4163123490
749411882
1203720879
1051189173
3137701532
1158225522
817177893
2801255574
3024414087
973747823
2976313693
1306503713
139413110
3659039177
919601295
718832288
1869656211
1364379814
2504435642
1891186289
2470313952
1140875052
963820273
3655884513
2926900256
1731992150
3421552563
3448168744
2393633636
3250553703
2115389531
1296708731
2269361264
3914660723
4206624859
1778796558
2183165486
1340190829
3758541069
975640229
3112121684
2169343437
3338893554
1898943953
4053474425
924421797
4034082698
3323177515
2113532589
860096199
133961152
1799463787
519110325
956050953
17387212
1670144487
2505272360
1636625107
2129418660
3067460729
746059823
1116782461
3938529327
2060409863
3182710846
1414979558
695528908
1908560758
3742809405
4118019023
4048833066
1191829343
1096896412
586899373
3443315414
3972558246
2465846916
987915615
2724699609
3425487086
393731785
3909137760
2637030949
4203514451
4198408679
2601727869
1588825508
2714331913
2000759634
2679639558
3343569732
3264069828
1069434442
910030580
760349161
577163917
3662006483
4030761257
4079154724
491563481
790022418
684822145
3765210653
2636700714
956884581
1392108615
3777953511
2916498200
1901933933
752511796
946530184
2818107511
1740344875
3202598819
3219856168
281407964
3457559372
3662689667
3476559752
977395967
265957561
699818858
957836204
2095492406
3906901093
3589319885
1764124717
3402344579
1686660937
808186521
3925988748
1729894964
3206505573
3485197833
3469035454
299328068
672352846
496494718
961135401
3043809541
1787141827
299665621
3552364107
3446481734
587297103
1478411431
1162043091
476595497
1062206631
1312281044
3856486349
3135127561
371486132
3791702344
711159607
2898760619
3203098329
388545633
1701068337
1142726666
4214765707
4030319950
3564903372
1256847505
1452783890
183667081
3873669757
3874696028
2592658987
4199421855
2450965552
1152361845
2591528593
678658568
938816106
677406209
3897726322
3711811150
1397874459
547955673
179464414
619961115
2182907032
3281984670
2894280391
3928950744
293767997
1831073094
3079869889
3832402991
2575576530
277678649
4027259055
481392175
2056573042
1707153451
3829664123
1443924404
579932995
2571577713
2001862667
3115220643
620501065
2204584026
503400763
915439640
2249492716
1194695398
2304276091
61154232
2044375421
1979724599
609544834
4243658383
3490698132
473830951
670690834
2888374077
769931584
1101744535
599535669
4139599160
1411086173
3460097533
4014814261
199155093
1687238669
2386107667
1923468490
3291544484
4068151811
1034026403
2792741553
3980428128
4165083648
1414625212
2813981570
1998290186
3038296910
2794625568
3736151240
766877103
3496996987
1316972873
2685709764
3972432352
90978646
952819717
2686303967
2291041449
75741905
3680358563
1594376091
2319396313
145035081
386847765
3958298173
666437639
2858408368
2648161168
2737112797
1026929121
3745311517
572964395
906931897
1888096331
1819246148
2030757709
1104935066
1584019263
1439163670
653995820
3782180316
4031817065
454002960
803484109
2848886905
3749759360
4259702451
3116530668
1684143414
3546113512
1547719967
3690604360
185566948
2437613894
2857454623
1039162818
2366550816
3713165163
3132340096
2988149433
4230914023
3036888614
367372303
2263019646
3026604293
1303814547
422324614
1925226618
3418167950
153933794
2568270870
2321636608
3386523226
155216008
3889906605
109525670
737604786
2016743688
2139769044
211602891
1896485744
2405843307
4038649660
2152460280
2161898707
732501538
3803687935
1982271848
1751009922
3406039568
4071681718
164628101
2243729152
1966857529
1139295859
1663688803
1953090842
1167604194
4256533835
3505122853
495805560
313664065
3574430693
2065499186
1852808903
876357346
3679061319
454605106
3690555872
3140313680
360752418
3754789908
3711389877
285189763
1988585155
3857422486
1729120597
3115163260
507676537
841387085
1602621734
4266520394
2634191865
2796371201
1951892069
810011650
2933220987
4025739362
2689185418
3178296392
3431389981
1225634983
1716039949
3351469703
786604704
2598033505
3395715186
3257155665
322685852
555249011
2841596402
2237724776
3702181615
1378829256
3274337102
3622064343
2323291136
4078030325
799982291
5401562
903670562
1025136676
2238020934
2494594838
3384521229
1954181826
3897183998
1574428079
655474441
395711931
2716895726
1142033173
2075955103
4279537523
1551663420
89024952
3278231627
2689028975
2165979547
465145991
649333036
812147264
2600514819
2660807875
942314394
2054369524
2401083741
3620978519
3846617380
2891017006
1751758982
1581499210
4253477599
2484235535
737735588
167715432
22314819
3842758870
3191423103
1996167123
2626655447
1231531395
3590506438
1243865975
4061110354
783129847
2378512915
475737903
26313800
59739173
3458238852
3455193388
3698039065
2784760574
4118621253
2639292795
4158799198
2892310681
158201754
3987036591
1095751939
1666556561
757941363
4026337108
756752335
3261358046
4178391708
1629768994
2838449738
2923287129
658342343
3538724256
1609076927
2331949669
2071050706
2902742600
1818480487
1966998195
246584735
247981922
1487392220
368487724
2585967779
1004839428
611460796
2130166291
2798650038
4257862374
2530101908
134375110
2038300762
1776450997
1304267745
1334481925
2843337164
3728557825
3271450741
3571060950
1343276685
184433791
2902946058
83978230
2010683763
2657640787
2477141535
937286283
513376804
3445889957
69414393
3105963543
3476149005
3969804563
699599228
2094777744
3654388089
738089234
4271462528
3621851843
3408749556
2436455803
909190821
2173952905
4255968397
1189827060
2016062673
1186006457
1077210543
1012857082
1216033601
2774253344
3642279089
690023203
1886457455
2956561862
1117080250
218174048
2887785509
949951084
1136813744
1366227624
802548076
145086538
1054979766
1659585128
3693674132
1956246656
2144391156
1170766865
1282545522
1356699673
4078712380
2475070087
1756417062
2775456504
2173251405
2667444973
965121042
3890060701
379432305
107448945
394774628
50700190
2484369760
673118043
2988086214
3442342063
1655076817
1442396137
1196424053
878334604
926994579
1378889221
2310861384
3332454559
1071877211
2755472655
3971323282
2190837032
1346547180
3876427876
1957601779
1171601311
1317103987
4260101070
3665407643
211620796
918944262
2155761654
3102286094
3102322847
3099942650
224497671
3531205025
67180390
2003769635
1535547477
2724034698
1786564637
3658444876
3415347821
3759730113
2712891548
3528207369
3265933847
799223798
99719631
2541787602
4031139604
203470984
25793315
275924868
1593870342
2602354878
3062565021
957107271
452303181
4281445785
3118927031
1665804655
726533163
3554306780
3551481839
540823624
3459516004
2520493927
2272740465
2463694022
424570822
339295985
2503375611
260781883
1653915008
838296954
751124643
3002413780
2974003820
4183328994
1664295263
1261682286
1272777631
1597401956
976053168
3206453369
2039656088
3583789457
2686855626
150578711
173066042
1123457997
1611673852
522766631
2868389698
1657237141
3951120957
1585864340
3737646533
3099323017
3800479232
2607438895
1133730284
2989922661
4185299229
611401282
3625344988
2274990054
2191268388
426811338
302733937
88204311
3965203245
3127283452
2234851516
1405718366
505439370
53895908
2852530191
2621824159
1501307154
3969538395
1471931519
1997298391
905499064
3695829618
4019867768
2402173894
2604371717
1375556948
1663931660
1699537323
3917804162
3201534839
1017740185
1784100038
1722621982
2980827513
2592415895
1827736297
351732644
4243118627
2453284565
319219011
3819724874
1005661297
486004921
2604031355
4113373669
1155981137
2032817361
2287760950
1979750644
2653544775
1032306993
3516188671
258217392
2778817432
1121050430
660272174
868758480
1042002916
3602719994
1868555773
257913030
2376432383
4036607748
2028992566
1602428740
399326388
4104301969
3255676168
297014795
390153930
2969973537
2272842869
1204833329
520826594
3606411662
4125274787
3140684644
784241750
895444190
1035500026
982865294
4168727757
106078417
26505380
3488076287
2787192334
2141032330
1508209637
3900363884
3042289038
2668992150
159673025
4067635638
1787181431
2048976533
4189652204
2454428324
1296631301
2565771571
844380643
3660348833
743704621
2044661181
2330187263
588625252
1695371988
2369088277
1356982376
4098514322
3290321066
2036976900
2829795502
3014220746
1038310384
299907989
1191797800
3608301618
375636295
3539387963
880742733
3116008083
2725547141
1599991011
3154161598
4027666245
956765812
632100335
781910649
4255489577
1248064251
129533392
3366892853
1160347586
685732068
4002682706
1829954179
920163542
1277709339
1685760937
3480580206
3149432310
2677656053
3601116280
802830749
2256407354
1769277238
3026711243
1026894985
2913396925
3118758686
67464890
3568541012
1920379857
3839960421
1757226723
3826173084
2624724095
1910746339
845511605
3799285764
1234129029
242376503
1945818789
157159074
3510908881
3698110075
3803760910
3232383809
2980960092
2552044520
1720671479
4009501641
522151868
2981038190
4188549960
2172117375
3307097073
762545075
4005860949
3958901932
1859670851
2433145734
2129086299
3471173361
140557342
3411996204
2484225217
1191920121
1068428759
725511182
2038332312
3263937975
326296152
9268341
1276472145
2361592584
4198909997
211623245
3762599553
4201354811
2203538179
1380773395
1140600911
2520589955
3212833400
3990283891
3630546639
3491717602
2064668058
3718259980
1620490454
4240929705
2921516976
1445042887
3073204215
2691753202
3508228101
3191604269
3201154766
3154513958
1996876037
71482347
4250049046
1613808589
128409018
3950045325
46711218
326679703
1375654598
1719864065
2661329834
3214224353
2669838375
1146947410
469502993
2862398621
1129740570
541216253
958656163
3901394685
1954997237
129643019
792303615
747662703
3505378236
3857535780
2301949212
1685836210
1675524675
4289802557
3926035874
3389670314
1568397533
4242096
4208719414
1708143901
3425862879
2154587845
4210799294
128620495
1974114803
3740366141
4164264155
674135783
352966967
3805485204
3245179165
2261283099
3617776643
2686229237
267037267
2016408708
1794668024
2270552971
512755542
2565816734
1908388912
2537076098
1787349821
132901515
2828393622
463177977
365533044
3235308216
1335335974
293114813
2310459179
1216685781
3628899102
3071332737
2038834752
2652880809
2637633000
2661492304
3407071026
2239519595
1311927581
3626194735
2492951502
2237081818
1684178941
3687604919
348348530
4291877006
1310458404
2539557812
1071594380
1462872341
2571207033
1058598282
3830328690
4133023674
887316136
2079266118
1706681745
2612883856
3099610046
3398429661
324681232
4255265969
94570559
573608655
3372581898
1485231710
616453870
1543747849
2636704179
720573199
2218622066
2456991046
4010964540
2260683237
1849678266
3190391675
156640314
1939660275
2761442448
280554271
1522225646
2822321959
2935379158
4237511700
1208783499
3313937260
2818617643
1276108632
695328975
4235229359
4019032211
2663424419
536361096
526654586
418922521
2972810599
681109441
1364503896
527740218
1883562154
3033145013
1308242359
3875523171
2191578396
3069707453
1113745335
3535405449
3639587799
1169123560
49832722
2663340596
2765691246
1854481
1639926864
762784875
1071610824
971122193
3592544123
711796176
3693385954
1120761906
3558969944
106784238
4238467878
1380371223
854535968
254394516
385164598
3945121048
3927223350
2636239317
952556508
1464943194
3756169606
112751641
2457317850
227621815
2477475257
1774358330
4240398706
174985701
2834749411
2328547444
2731197448
686105067
1937248978
1559390234
3919096898
3570891697
2614591250
4093159140
2407584401
808558431
2063256771
1208742547
3571785889
2650324759
432052798
3225496396
1905253902
4279181256
221942583
649822986
3435518166
2120534524
3639235437
2578646774
3528942793
2828417024
2616602055
2817728712
4133655031
3863819448
3527146394
2528042494
2064720854
2076736487
4094004105
2575532319
695882406
2773007198
4163291603
2464978399
3073973827
3957696401
3933794970
1555089856
2070762931
2280649406
3418191150
3048378353
719122682
2012924388
2677960570
3411018864
3366963438
2634726220
2879349153
483004561
1962640949
753673020
350898842
4106914725
2152637365
2895117623
3295228998
1066367520
3198707767
2971435563
878161731
1468538376
3868428030
2667297641
1700907774
3194680949
140425829
1952899767
554156170
3982536619
1850977723
2955367655
2575513100
1632911652
4177737470
2261133224
3916487128
2675403302
795902472
1977403691
2445924263
2794986574
4255944407
3408365208
3357110771
3714156604
2179043310
2376065996
2363451839
2869109424
1731011081
88174942
967903174
1303445818
3808769285
1686596871
1584941716
3123930136
725021246
2765896996
598137005
3222889433
787236762
3514569525
2513807328
2321704212
998219934
3592207141
3144796823
2533342019
869736143
1115031847
3824486628
1694161922
3678411229
1033612779
3105804014
1468686126
756833356
3234671454
3012409842
63885135
3301505986
2771676121
914628520
1649913913
1033861150
1403603526
3534776926
3294308018
236514900
2983628730
1861771306
614663896
1826524842
3791754031
3199844017
3548912633
3120526603
2602138093
2806082670
2877540355
3672971489
934805856
4150994922
1380502359
1580372576
90422799
2262172128
3326951067
316864789
2765917166
852790506
3193032215
2784904931
3031986181
1068632242
198735974
3040619848
2641870939
1193976347
3186036195
1746133861
3207744909
1580644076
694384710
3944575357
3462147876
1081716870
4064522767
3011039370
4077605068
939166669
3083355856
313717268
3902503974
1155338426
2802410694
3086541275
2524997288
646809233
1185811213
3096074901
1780608999
2678006876
1149225658
743248076
3535091898
1857478166
665563049
2176959424
1091048846
3872157015
1480843453
1150214869
3480412976
3229484776
1346817768
271863828
3929266954
21358831
527893539
1303318610
2521668101
3344031573
1733179490
3299530872
926819725
854086446
3037957548
1922492818
2692720067
2192302480
686801599
2809031678
2926457973
2909143944
1893147151
2601396249
1430107647
3052723196
3674993916
2857049137
257354929
1496393445
3921615039
1560403144
177174042
1288811973
859691158
2873314836
3006814692
2935430337
3365279027
543230499
3288974358
2894959356
3658886948
2257286058
3955524962
792049851
2152170603
3248985121
4254598153
4048196663
866551363
966588128
1857394234
1313834636
682055865
2313179126
4238693406
2357390028
4201541756
3376688551
2370579739
431561740
1729209536
565843940
3436494606
3662196186
3024893307
3842735564
817446149
1544949499
1641079871
286327327
983044290
3632154895
3152332959
1555130959
380149172
110235313
3939095720
3513137661
1179054636
2218978248
2902358650
4248902039
2485052981
2355320183
1207957978
3819112247
1806361645
2113303391
2449700046
1104687351
847953967
3021419067
1735899930
1343032398
2192518367
3634900685
814845708
3370283516
3074058543
3368910761
2046030211
2905129070
1843258762
502883067
303872596
1898226466
2328842743
1493555317
2094082107
2426965097
3172824624
1561284133
1277631326
2527576558
3743943389
1065499065
1588957690
4158199865
1331308146
4148281986
3935918278
3494688412
248887499
1985127720
2882020413
4203301932
2782214532
3901635150
4121339499
2571177685
3141138416
3396113319
1692145040
3945194709
894314517
570232307
1818941986
3407686629
4214316462
1736000339
1994088111
2425878201
2061062873
2308670568
3480746520
330011071
361804517
2714871445
1155642388
903776562
2869421149
3002174992
3352829136
379086464
2318091365
3148016676
3286226406
1923815647
2055749894
475726174
2612540242
3892470096
374293487
3176296809
2291070968
3222942885
1720490256
2271156294
819245048
2853818690
2738977879
781376343
1442747190
4026317082
709223739
3751622804
1715146785
2822529255
3644539588
2811790895
756401195
1183735348
3944624448
2586891691
3912870612
4156989880
2804065318
1687266317
1584664025
3046339867
1193218118
1289375472
2876934693
3508559903
497041422
52637911
2176447023
4202482008
2015093976
2705571176
2164556289
2818215513
3144388855
2097434287
1824188399
2690919647
4207634359
3348815555
2539112959
2419693541
231125485
3503735579
199491183
1077466197
3169540462
525408922
966318361
1707791120
2674297329
410348874
3387198093
476105306
766504347
2944313546
1647718129
668404383
3004641354
2697874574
773978359
2247327676
4217923923
1344653555
450688090
2744023712
3915882494
2789763565
3262523258
1098792245
1709432845
3247011198
679436673
398792509
3049212536
4196114144
3197923610
3467463235
4192175513
3425386091
2462022961
86183393
2079001800
1507235419
4241495418
984583501
2366845853
4271314926
186526052
1929399890
1825455468
3796031709
6386300
3688116706
2787547161
1014211494
2387740070
1779936226
787787450
3095774414
1641531034
2260606699
4130888669
568052887
159151780
2083892788
2475080738
3082458660
2781972631
3499839945
2132098103
658993063
3813202811
3794819637
2920071959
4225656128
2518261795
2038258134
3233739034
4192695517
2286083962
3379692768
679715663
32706170
3579573312
2552930766
2301706392
1586845690
2918954362
891912503
563902317
1108524973
1455323948
2582387914
1751569019
2422334423
455589324
4270722567
441131981
931136961
1563957926
1599032034
2394662872
2597773682
4212387971
3743980917
259409010
389214737
2276948509
1583377031
2854362482
2885190522
2415508990
2920347998
2630783350
1569123075
759694620
2300510818
4253201920
1624200715
3887524805
1133696040
1098575954
2477369367
2623484978
528984925
1323486549
4026275540
2060757910
3069676749
1224334980
4106804411
3521166214
2651369300
288601245
3763812253
3618214783
4080584697
1313787581
1681024940
3419501752
2438633948
2746761910
204541833
773279788
4025261938
484206719
3579131189
3436740276
645988537
1429543851
1714985359
4095302511
1772553816
2778148889
2465480718
1324692901
1548019283
1053138616
1046697852
4081938463
640865629
285822807
90373122
1004508606
621134772
3064023161
3813491800
1517440022
4233319997
1982422419
2177310330
404664446
3281900514
2321652975
61678185
3695452779
2075722469
3625964693
238434708
3936284676
3921122771
2400122022
3958819945
1325201530
3822303670
165395215
2442707156
86457298
3393982608
597926903
3198990256
2800323182
569015265
3214918342
3072111420
2417197627
3986938407
1930079702
2499866625
1265830942
3569443082
1016663718
2369528057
3101841737
1670585347
3991447182
392481981
2937594791
2813583259
1299779536
2091694759
1433510600
3766254267
35816292
1280008360
2039068431
3250516547
1604958311
1112801193
3915964934
385181019
142093032
3034398495
1354750416
3673721321
4266991164
3283976664
204340980
2236276794
3095896440
3216400485
552935322
2443885336
1271980236
623600618
3440603374
3176320903
1934797781
3061881415
2034354621
1072944635
261762652
788322584
2691044579
796113013
3737563957
3747136152
1338635908
951086631
2782066569
364925892
920027081
1383077742
3756906709
3467667042
1918815987
3974900398
2982678956
1413256076
3616059336
824045883
4110976469
2260872942
2489884084
2103721040
1133193215
547287601
4077811414
2889746219
138403646
3489509584
3736569250
1256660270
3493668156
2783799703
55871205
587530567
254239323
1697238032
2336727959
1051271648
3198611241
3227614822
2748924663
2796414180
725373684
184139770
1224288324
3814210489
3626200088
2383593516
1782395967
101775020
2608398722
352528654
1217932154
2615154722
3869786856
1890326452
4212986025
3466064625
386797044
4247425199
3020200389
222036391
2520997626
1406184535
1612316037
1025560721
3461278214
3078293011
767399491
2515366726
4112980155
4280535688
1938071274
1445222999
39727550
3803909322
3739983512
1119887783
1863470158
828172800
2268894008
3098009995
1713470918
2630475720
1815115293
1475872768
1921913718
381653731
1174629400
2424593262
8465736
1360232488
783570312
1954387345
1713414548
2689411819
4097682846
3138686726
1793472116
427378456
2220885152
117626963
2202342625
1382834965
1139722522
1496175253
2449503515
4085595873
197156305
4135365401
1740923027
1007434166
1912702408
4136856426
301427667
810681087
2046482475
3853939893
1884719811
978957668
3721728887
274985111
343942368
1546497478
3185372984
3917155795
860319409
121346433
1070326828
40411871
1448673721
512010909
2344712768
405300975
687263707
3669691065
4067301565
514317751
2939873299
3607864517
1418684008
1979877528
673393272
1103314188
1651818696
2038815743
1326794829
2561496505
2822223719
1020008767
1272384900
30024160
2536482694
1192259359
1244711971
751876123
2209121816
3570427870
3217077936
1059536199
2383350577
310407912
3916790810
3164782502
987558720
2484322524
4097021893
4154444421
355362007
13328774
1557169878
3911973143
2121868212
1052106673
1357244731
1950015118
1451697474
2927515675
3412596722
2595054469
2617981159
1214114454
1776622688
706079002
136019029
3399004417
1251791851
2498100091
3140883870
1667054916
4276997925
3236217775
991824160
794511519
726766066
3673835158
3323811199
1053696922
491308670
1236491083
4108606526
4161426478
2447678496
3119060358
892228147
278283940
1216793841
1909673381
1648649461
1243059218
3277140587
955742045
1722987799
2397514309
4241359971
2867945234
1899227699
4163823629
3861167292
115799065
1875683848
3781861375
3642076020
3619954303
2770513032
1505945556
3256263130
153207812
3684885061
2882389941
2018376851
1606680875
30364378
583694421
1254762304
2864461408
3857805398
1175561958
2062958382
4000436539
2505810051
1130193963
2740702808
1957085167
4238481794
1555229066
1422270438
3794406700
606361704
2017447107
7946116
1505194042
3275773065
2584060033
3404913620
1069511633
3204088282
518931113
904676948
2386750530
2371883845
3464678558
3305561407
1349087377
665599897
555859671
2975031450
45513572
1174299993
2649925801
2980320243
503499191
2995772066
2523460508
1280820138
3840328874
792841853
3174110727
832847634
2653881817
1179453269
3458007024
3573544682
691586309
32606663
1554660980
299413737
3849322940
4214772159
3261466439
2431005868
15078707
1629191302
1061175296
2206937359
748175496
505265582
2475365195
1505996884
2008635187
3663971342
271380167
4082902380
1618475192
713963296
1703971285
2985472537
3239844849
2827522615
2868440803
3506889019
528835466
776398659
431851737
3728712358
1707891565
3595688757
3692084532
4215103259
3288367452
3399822709
2724400305
666311776
3392733822
178463296
795910490
3435464712
3204847278
2459840985
3710585634
2804615644
1614436442
3360066758
2606432467
2406720256
3256645635
188677703
555579146
3259881053
1861568431
4102448745
2752814831
2756176314
4044879726
43634453
2673849284
2919817903
2534564536
1275201823
270018480
237468466
2290754945
1101643033
2197613417
1184445114
888292119
3897180578
2600917949
1459486113
903662710
221553512
2154293056
1858240303
3673489171
1521297293
212186485
1131398843
4241741899
870726262
3432246447
288405932
3625098524
780512810
3305886047
3516314763
263866988
3452950299
1563469055
1561377166
703097886
3872877221
900191527
753834239
2333165447
3604021747
1630820071
723747127
483027231
3105201802
326536012
1079322804
2463141583
298057002
2482153202
770611343
3538606615
1927594012
1501398415
56155045
368225835
2186224849
1818409419
2336008927
1358262106
4094538451
918040684
3236200066
824885209
2081154297
3772335888
1791467216
3345265469
2629468738
3718390198
1699905382
1966429966
4286250212
1728125803
503124950
2861280147
1704490674
739354636
1396590333
4166137814
3975396016
456906667
1551452959
3459574325
2914476832
3132629201
746332316
2106920512
3580865497
1466378003
1416272514
3394305365
1165799918
3011950390
3777757546
1929458697
3434934055
666922380
3985037635
3846852031
4285445012
3169796972
1542563096
3516137048
2639396946
4097896676
3434054458
766267151
1533380022
1849869509
4166169557
1390765124
1397484724
1595103441
1969389198
151624894
1354365245
30125675
2386103691
2941197001
3203188286
3333439664
2641516057
1868465124
703257798
1454874055
3347704178
1264323881
1801973763
3943659557
2787898422
2594559696
730225975
2432395995
3830103809
1234605996
1276986045
3238892037
3975344724
3372149400
137099680
327645334
2331803533
1481125616
2605972173
2207492783
2145739404
1940383895
1278128051
236064871
1901662742
770298336
630153099
3662018274
649055017
1419996870
3444979567
3105519088
3150227805
2985788795
123591406
452569703
136482913
2209576708
2016507682
3539109737
904939547
4034800500
3537864040
663109485
4248448850
2456697056
2457174460
958778929
2225497936
2642504955
1041049025
1256812472
1045273254
731052566
2918776628
3293784804
1597341164
3045389403
2671164158
4035960863
4023384576
508290123
2480847967
645363151
1547482262
2365539490
2241134127
92921226
1610952525
2388220674
2919242787
1141701618
34986993
815636842
4246102521
2477115891
3003345619
34483566
2804501190
3782581680
1069371820
595875103
3224713866
2501795099
2734352923
3895963051
3771150737
3434684977
4048297538
2883191979
2498970657
489058379
186777313
277796782
611130176
2964443126
3508649550
2287944596
3692563379
1231568649
1999697869
3702095342
2093830897
2236341591
319840375
2385755301
814177226
2679944585
3535917278
1542108658
2638302906
4099486758
2689426337
3766222239
3039716607
2069903561
591549337
620607045
1273811349
3954811190
1452360708
3208152468
1293380494
3226271702
2739960782
342744222
4174662531
1895803340
3645849562
1482089463
1040433114
446997906
81720794
3428548272
1476953693
1433538331
3319600480
49962286
3784591351
3727711639
111845534
1208412425
4044703291
3414391179
2228851834
3502417706
3201657476
1079758967
2346905417
3322864532
317944756
1292765263
581009223
1096106192
787223528
2392140827
1472691159
2259951848
873870986
2499120165
2512810953
2487087794
2762984817
3014277203
4076578329
3706306345
2514805867
2715700977
2717685168
1808753085
315345717
1355779513
1217316887
1170681820
3726006868
4285531087
3477608337
2615104076
1293378877
3697480253
1877890167
589865855
4200446282
287668705
2743617416
3181448121
2350781174
1705330954
3969266788
1734213783
2467441658
3359112707
3411891862
1994783168
34992157
1830462430
2945493002
954077911
3270416322
169473514
4261281239
1761815601
3378239113
3376292011
2507328947
1091657080
295786030
1983327138
1195272056
2623336801
2681121279
1067149451
556192734
3724500813
3793650872
665252124
3026300318
2139297293
1387333152
3029864160
4122287747
966268300
3672560360
2013259614
278399191
4044136959
356422834
2348179384
4184504582
2618953259
418284046
3884571754
1168898179
1692153042
2874504611
4149842043
313340389
1921463441
1915953523
1528390058
2948511953
1632790831
705497563
1110296909
4091963905
1021863900
4182707964
2741188990
2584427627
4036385252
1377997166
3048613553
160567849
1373122428
125148511
1579710827
2774265270
2603955775
3338802113
3039866553
3015925579
504466752
3029888307
708671796
1448872122
3694430275
364276912
117153119
271994678
1270364125
3616271231
131486305
2761891219
1337121726
3545176363
152176454
274185764
2598115540
3451075826
120170099
2225324426
2992823196
3964764650
984356444
231134147
473386841
437657791
218763129
1571321295
12207487
1866817237
3542395655
1009741103
2607236857
2260466116
67575711
22904583
2943299619
4078841520
2957151709
1391872439
4119942438
2096548905
2911909490
1561786689
3493009125
3209496468
2107658722
4198564895
1625902108
2827046285
1203033213
2067617935
2707215337
2576861237
444013319
1231177753
762589076
117956508
1021522301
3653225188
840166868
2934755471
3134000625
240968364
3366061520
3054188166
32660316
3115695784
1626673904
2190770117
4064608768
1083494656
2739579604
589324105
3269582841
2387605053
678991594
3820785135
2511040367
1554257966
1020424034
994674896
819695466
3848932491
2918721297
22871211
4264219495
1028458328
1961643498
2979752689
367003372
1188024407
2108725218
3008518800
2543273737
3236039095
2497713355
161603536
220900692
865253826
2906067317
2774485709
2529585547
3001542517
2197296014
1179262577
2760711050
1270543926
4198758347
1425273709
3998439459
4038019732
1666423871
3502867043
307664442
1199948385
3863062563
2917021492
3534059695
1642538360
2173977287
2230276827
3104133515
3445385235
4199595191
4041779748
1270725192
1534946276
3008627420
3936286126
3805300411
3763119403
3220031063
2206735814
4040979858
3178259913
2621725366
2729854433
2921601488
2558992217
2550059709
825892424
1589352478
3558629464
3654496738
3015458329
1589872003
1638617762
3322988871
3040408074
3893722933
2816313779
1655708856
3417105011
2423507767
2295232805
3193863087